LAT1=-16.489689
LNG1=-68.119293

LAT2=-16.500000
LNG2=-68.120000